image_width: 640
image_height: 488
camera_name: narrow_stereo
camera_matrix:
  rows: 3
  cols: 3
  data: [576.092756, 0.000000, 316.286974, 0.000000, 575.853472, 239.895662, 0.000000, 0.000000, 1.000000]
distortion_model: plumb_bob
distortion_coefficients:
  rows: 1
  cols: 5
  data: [-0.142470, 0.621352, 0.003223, -0.001925, 0.000000]
rectification_matrix:
  rows: 3
  cols: 3
  data: [1.000000, 0.000000, 0.000000, 0.000000, 1.000000, 0.000000, 0.000000, 0.000000, 1.000000]
projection_matrix:
  rows: 3
  cols: 4
  data: [610.716858, 0.000000, 316.006104, 0.000000, 0.000000, 608.990112, 241.483958, 0.000000, 0.000000, 0.000000, 1.000000, 0.000000]
