# oST version 5.0 parameters


[image]

width
640

height
488

[narrow_stereo]

camera matrix
576.092756 0.000000 316.286974
0.000000 575.853472 239.895662
0.000000 0.000000 1.000000

distortion
-0.142470 0.621352 0.003223 -0.001925 0.000000

rectification
1.000000 0.000000 0.000000
0.000000 1.000000 0.000000
0.000000 0.000000 1.000000

projection
610.716858 0.000000 316.006104 0.000000
0.000000 608.990112 241.483958 0.000000
0.000000 0.000000 1.000000 0.000000

