# oST version 5.0 parameters


[image]

width
640

height
480

[narrow_stereo]

camera matrix
520.055928 0.000000 312.535255
0.000000 520.312173 242.265554
0.000000 0.000000 1.000000

distortion
0.169160 -0.311272 -0.014471 -0.000973 0.000000

rectification
1.000000 0.000000 0.000000
0.000000 1.000000 0.000000
0.000000 0.000000 1.000000

projection
532.087158 0.000000 311.450990 0.000000
0.000000 532.585205 237.199006 0.000000
0.000000 0.000000 1.000000 0.000000

