image_width: 640
image_height: 480
camera_name: narrow_stereo
camera_matrix:
  rows: 3
  cols: 3
  data: [520.055928, 0.000000, 312.535255, 0.000000, 520.312173, 242.265554, 0.000000, 0.000000, 1.000000]
distortion_model: plumb_bob
distortion_coefficients:
  rows: 1
  cols: 5
  data: [0.169160, -0.311272, -0.014471, -0.000973, 0.000000]
rectification_matrix:
  rows: 3
  cols: 3
  data: [1.000000, 0.000000, 0.000000, 0.000000, 1.000000, 0.000000, 0.000000, 0.000000, 1.000000]
projection_matrix:
  rows: 3
  cols: 4
  data: [532.087158, 0.000000, 311.450990, 0.000000, 0.000000, 532.585205, 237.199006, 0.000000, 0.000000, 0.000000, 1.000000, 0.000000]
